# charlotte's code

x <- 1:10
z <- 1:5
z2 <- 2:7
